4294967279,100
4294967279,99
4294967279,98
4294967279,97
4294967279,96
4294967279,95
4294967279,94
4294967279,93
4294967279,92
4294967279,91
4294967278,21
4294967278,20
4294967278,19
4294967278,18
4294967278,17
4294967278,16
4294967278,15
4294967278,14
4294967278,13
4294967278,12
4294967278,11
4294967278,10
4294967278,9
4294967278,8
4294967278,7
4294967278,6
4294967278,5
4294967278,4
4294967279,132
4294967279,131
4294967279,130
4294967279,129
4294967279,128
4294967279,127
4294967279,126
4294967279,125
4294967279,124
4294967279,123
4294967279,122
4294967279,121
4294967279,120
4294967279,119
4294967279,118
4294967279,117
4294967279,116
4294967279,115
4294967279,114
4294967279,113
4294967279,112
4294967279,111
4294967279,110
4294967279,109
4294967279,108
4294967279,107
4294967279,106
4294967279,105
4294967279,104
4294967279,103
4294967279,102
4294967279,101
4294967294,1419
4294967294,10
4294967278,319
4294967278,347
4294967278,318
4294967279,313
4294967278,316
4294967278,317
4294967279,563
4294967279,311
4294967278,315
4294967279,197
4294967279,310
4294967278,314
4294967279,196
4294967294,1418
4294967279,195
4294967278,313
4294967278,192
4294967278,191
4294967279,192
4294967278,190
4294967279,191
4294967278,189
4294967279,190
4294967279,325
4294967278,385
4294967279,324
4294967278,184
4294967279,185
4294967278,311
4294967279,323
4294967279,182
4294967278,180
4294967279,179
4294967279,181
4294967279,560
4294967279,178
4294967279,176
4294967278,173
4294967278,172
4294967279,173
4294967278,171
4294967279,172
4294967278,170
4294967279,171
4294967278,127
4294967278,125
4294967278,124
4294967278,123
4294967278,122
4294967278,120
4294967278,119
4294967278,118
4294967278,117
4294967278,116
4294967278,115
4294967278,114
4294967278,174
4294967278,105
4294967278,103
4294967278,102
4294967278,101
4294967278,100
4294967278,98
4294967278,95
4294967278,93
4294967278,92
4294967278,91
4294967278,90
4294967278,89
4294967278,87
4294967278,86
4294967278,85
4294967278,83
4294967278,82
4294967278,81
4294967278,80
4294967278,79
4294967278,77
4294967278,74
4294967278,72
4294967278,71
4294967278,70
4294967278,69
4294967278,68
4294967278,67
4294967278,66
4294967278,65
4294967278,365
4294967278,63
4294967278,62
4294967278,309
4294967278,308
4294967278,60
4294967278,307
4294967278,59
4294967278,306
4294967278,58
4294967278,305
4294967278,57
4294967278,341
4294967278,56
4294967278,303
4294967278,54
4294967278,53
4294967278,52
4294967278,380
4294967278,51
4294967278,50
4294967278,49
4294967278,379
4294967278,48
4294967278,47
4294967278,46
4294967278,45
4294967278,299
4294967278,44
4294967278,298
4294967278,43
4294967278,339
4294967278,42
4294967278,297
4294967278,41
4294967278,338
4294967278,40
4294967278,39
4294967278,378
4294967278,38
4294967278,336
4294967278,37
4294967278,36
4294967278,377
4294967278,35
4294967278,335
4294967278,34
4294967278,33
4294967278,32
4294967278,334
4294967278,31
4294967278,376
4294967278,30
4294967278,29
4294967278,28
4294967278,294
4294967278,27
4294967278,293
4294967278,26
4294967278,137
4294967278,25
4294967278,24
4294967278,23
4294967278,22
4294967279,84
4294967279,83
4294967279,82
4294967279,81
4294967279,80
4294967279,79
4294967279,530
4294967279,77
4294967279,76
4294967279,75
4294967279,74
4294967279,562
4294967279,73
4294967279,72
4294967279,71
4294967279,70
4294967279,69
4294967279,561
4294967279,67
4294967279,66
4294967279,65
4294967279,64
4294967279,63
4294967279,62
4294967279,61
4294967279,300
4294967279,59
4294967279,51
4294967279,49
4294967279,48
4294967279,47
4294967279,46
4294967279,291
4294967279,44
4294967279,532
4294967279,43
4294967279,42
4294967279,531
4294967279,40
4294967279,39
4294967279,38
4294967279,29
4294967279,27
4294967279,138
4294967279,26
4294967279,25
4294967279,272
4294967279,24
4294967278,169
4294967279,22
4294967279,19
4294967279,17
4294967279,16
4294967279,15
4294967279,14
4294967279,13
4294967279,263
4294967279,12
4294967279,11
4294967279,10
4294967279,8
4294967279,7
4294967279,277
4294967279,6
4294967279,276
4294967279,5
4294967279,275
4294967279,4
4294967279,57
4294967278,304
4294967279,575
4294967278,381
4294967278,302
4294967278,363
4294967279,297
4294967279,169
4294967294,397
4294967294,1417
4294967294,400
4294967294,1078
4294967294,407
4294967294,178
4294967294,419
4294967294,398
4294967294,183
4294967294,1041
4294967294,167
4294967294,467
4294967294,454
4294967294,453
4294967279,322
4294967279,56
4294967278,55
4294967279,296
4294967279,295
4294967279,45
4294967279,53
4294967279,52
4294967279,294
4294967279,50
4294967279,293
4294967279,158
4294967279,160
4294967279,159
